0.000000000000000000e+00
9.860088985419010639e-04
5.509887484626589498e-03
1.245757650291789281e-02
1.751453410271946662e-02
1.149393446263622699e-02
-7.608732075502354364e-03
-3.819750693774939115e-02
-6.497324690911071565e-02
-7.236875788978784640e-02
-5.419296677250435429e-02
-6.084718813543928649e-03
6.935057841953072566e-02
1.330683467724225189e-01
1.745485410506105450e-01
1.545104561799696130e-01
6.959410031380142136e-02
-4.247547078177126706e-02
-1.459558804951938960e-01
-2.178335103209284584e-01
-2.081761785038367674e-01
-1.259365517241633758e-01
1.392000010439347311e-02
1.661935725506019368e-01
2.933191381702595080e-01
3.360010959865957214e-01
3.080800746431713311e-01
1.931511570637071962e-01
4.230352263519607248e-02
-1.068005852196989708e-01
-2.085103668344939487e-01
-2.526401605477424095e-01
-2.058164897302216800e-01
-1.400045510590935405e-01
-4.109497784664947057e-02
5.446345718646362216e-02
1.154448021095212107e-01
1.485363882301258265e-01
1.443691957385253577e-01
1.136576321451462784e-01
6.744378688661298304e-02
2.812421387122836930e-02
-3.093057793091392223e-03
-2.523394599353441167e-02
-2.825855188649029764e-02
-2.406385902765756368e-02
-1.556703172108087410e-02
-6.292461320811888401e-03
-1.082211517092558466e-03
2.207883259470887378e-04
